1085862271399493732
791943280605790228
1305602196494094437
996147504628371536
1201889650734534676
1061001514816118826
733609139200065537
980654649398919208
834183443268501555
1032302420576968744
791072787116458004
1196961061660803083
328950281570353153
1144491550685024268
463330608408559626
771223824720068658
1108574264946343967
746260325141184532
357266362910900224
697314453997355040
988818970910019624
985568921304334396
694914902783033364
530917766807420950
968658437716213850
1160670734188806296
820810063894675478
1345564179083431986
668555954870288435
1394465660205138033
848183927369498625
949850023536001064
594221077941714954
325613107323994112
950792045579075624
1073038702118440970
1234966119874433024
1138503116317278401
1371884501986185370
1163131310970245180
1177158588872016023
1387251977033089164
485485672904392707
712392993675411619
726378837050523698
1065983148653031488
812776537501859850
1392794407819935840
1345544017206837342
763809489308090379
899334723757805620
1197498484937470047
810939345866850344
749312278511222911
549977080084037632
1138708425941983252
924320683847196723
1128012490274512896
1028525559589908600
1113418468809773196